1277183
1274033
1270668
1268561
1265491
1261927
1261529
1254360
1253102
1253084
1254832
1276867
1275321
1272783
1272648
1271151
1271050
1270530
1269993
1268820
1267758
1266330
7302854
1254432
1253977
1278446
1278148
1277289
1276609
1276300
1275019
1273491
1271439
1270965
1269291
1267480
1267189
1266489
1264555
1262330
1261631
1260086
1259166
1257804
1257551
1256698
1256597
1255983
1255927
1255396
1277535
1277530
1276478
1275637
1272997
1272181
1271534
1268031
1266216
1266122
1264414
1262484
1259005
1258980
1257673
1279233
1278715
1278685
1276100
1276032
1275218
1269317
1268773
1266809
1262775
1260173
1259395
1258847
1255364
1255349
1253573
1253468
1278860
1275899
1274571
1271951
1271934
1270022
1269042
1268907
1268593
1267708
1264395
1261145
1260637
6690108
1260476
1258178
1258076
1256052
1255744
1252797
1275631
1274848
1270454
1263862
1256237
1255850
1253782
1275362
1274536
1272979
1272237
1271493
1271175
1271113
1270722
1269298
1266622
1265025
1264839
1258686
1258526
1257794
1256246
1277936
1275738
1274220
1274056
99990003
1270239
1270171
1266305
1266154
1263814
1262321
1259012
1256515
1275701
1252822
99990002
1269811
1274987
1267616
1259091
1265911
1265873
1264154
1260138
1254163
1278508
1278297
1277661
1276810
1276389
1275926
1275841
1275068
1274337
1274304
1273587
1273403
1273066
1272892
1272540
1270711
1270583
1269939
1269743
1269633
1269053
1267031
1266928
1264317
1263852
1263834
1263300
1262771
1260454
1260543
1258952
1258876
1258342
1258182
1257022
1256913
1256826
1256739
1256693
1256593
1256451
1256369
7279754
1254534
1253914
1253863
1253200
1279105
1278718
1278149
1275539
1276191
1261012
1270990
1270072
1269407
1269395
1266285
1265014
1261977
1261931
1262180
1261731
1260730
1260341
1259229
1258338
1257416
1257055
1256436
1254661
1252942
1252908
1252770
8740324
1273909
1268567
1254570
1279186
1266258
1264688
1263983
1257771
1256812
1272552
1266366
11184230
1262843
1262824
1254133
1252840
1252653
1278593
1277643
1276988
1277599
1273780
1272780
1271621
1269477
1266128
1261580
1259184
1257542
1255437
1278710
1276895
1276070
1271949
1269937
1268782
1267911
1264728
1263622
1262951
1260137
1260107
1257402
1254868
1279159
1278946
1277527
1277214
1277084
1276901
1276634
1276128
1275960
1275665
1275103
1273892
1273369
1272201
1270407
1269515
1269507
1269027
1268865
1267819
1266049
1262216
1260716
1259813
1259338
1258797
1257588
1256949
1256320
1256067
1254241
1253986
1271631
1263776
1262029
1278405
1264527
1273865
1273802
1272847
1272543
1272013
1268159
1267648
1265863
1264521
1263247
1262039
1259896
1259297
1258740
1257629
1255953
1254348
1254388
1254361
8629640
1254331
1254327
1253286
1279344
1269843
1269562
1269256
1267755
1267076
1264407
1263230
1262067
1261823
1261288
1261258
1259961
1256377
1253182
1252948
1279259
1279017
1278806
1278708
1278152
1278083
1277525
1277397
1277013
1276736
1276335
1275679
1275163
1275120
1274770
1273193
1271987
1271942
1271911
1271885
1271308
1271306
1270927
1270455
1270393
1270370
1270216
1269422
1269135
1269006
1268011
1267588
1265157
1264733
1264434
1264359
1264292
1263364
1263311
1263214
1262995
1262801
1262332
1259686
1259337
1259064
1258599
1257806
1257540
1255969
1255491
1253747
1253405
1278974
1277907
1274824
1270351
1259503
1258003
1253628
1277264
1269388
1268990
1268403
1275004
1262412
1274746
1278667
1272476
1269321
1267486
1266475
1265734
6268046
1259251
1258715
1257545
1255634
1253956
1267887
1259425
12680239
12680240
1278673
12680241
12680249
1272123
12680246
1265869
12680255
12680257
12680258
1259346
1255649
12680263
1252873
1273801
9747950
9747946
1272120
1272115
12572553
11875510
9748007
12572554
1264818
11875575
9748012
11902898
1264739
11875509
12572547
9748025
12572546
11875511
1254418
1272651
9748035
1253720
1252869
1252865
8985782
12680242
11875508
1275009
11875512
8805933
1273451
7627078
1261192
1268209
9747984
1267812
1265243
11875578
8849144
7627084
1256389
8739997
11875515
12680267
11875514
9748038
1275871
1259186
7627222
8740934
7627235
7626568
1262483
1262081
1258074
1257248
1253533
1260208
11875517
1276739
9747953
12680247
7627225
7701599
7627230
12680248
7701598
12680251
12680252
9748023
1258832
12680260
11875524
11875516
1255347
9255562
9255567
11875529
1277417
7627226
1254616
11875527
1271716
11875531
1268731
11875528
1264390
9165869
9072825
1260571
1257922
9072813
1270644
1265468
1268085
1266519
1265710
1265292
1256073
9035761
7701426
1270165
9747958
7701604
1260783
7701601
1256163
1276510
1276534
1277332
1277331
8224050
8224036
1273664
7646984
7909847
1270753
1266426
8224306
1254090
8224051
1253630
12680266
1278986
7289568
8133543
6951502
11875535
9747929
8740099
8740806
1261755
8739995
12572552
1257852
7626534
1275118
9747944
1272692
7626536
1270836
7626540
7626539
9747955
9747976
9747977
11875583
11875587
11875584
11875585
11875590
8740334
8740332
11875595
8740338
1271512
11875537
1266857
12680245
11875538
7701507
9748015
11875540
11875539
8986228
1269523
7701511
9166019
12572557
12572556
9166022
12572555
12680244
9748005
12680254
8335032
1259785
12680265
8996923
7644924
9747968
8533699
7627179
7644925
7644927
1267268
1268508
7627181
7644926
7627182
1263245
8908677
8533697
7627183
9748032
7909874
8407166
1271884
1270648
12680250
1257953
8407426
8407479
7909875
1274041
7701204
1269393
1268937
1271686
1252877
12680256
12680262
12212751
12212752
1268009
7627073
1261391
12212753
12212754
7646155
1254650
12212767
7646980
7646150
7646157
11875556
11875560
11875554
11875553
11875552
11875577
11875551
11875550
11875548
12572551
11875547
11875545
7626856
11875544
11875541
11875559
11875561
9747971
11875562
11875565
1261174
11875564
1255671
11875563
1252864
7729743
1271977
9072781
1277800
1277553
1277159
9072788
1271993
9072784
1270997
7729747
1267997
9072745
7626229
1266768
1278995
9748030
1256729
11875566
7626227
7626228
9748013
1274839
9072830
1262118
1271535
1254807
7701516
11875573
1275525
1266437
8299687
1273468
1269911
1270397
1264122
1262293
8335144
11875580
8335137
1277030
8335139
1259164
8335041
8335142
1261448
9748018
1278648
9747961
1273616
1272504
9747938
9747936
1277086
9748040
9747990
1258892
9747996
9748009
9748001
1265343
9748019
8335421
8335424
8347332
8335422
8335425
8335427
11875526
8335423
8335426
8335458
1252796
